(kicad_pcb (version 20171130) (host pcbnew "(5.0.2)-1")

  (general
    (thickness 1.6)
    (drawings 8)
    (tracks 190)
    (zones 0)
    (modules 178)
    (nets 164)
  )

  (page A4)
  (layers
    (0 F.Cu signal)
    (31 B.Cu signal)
    (32 B.Adhes user)
    (33 F.Adhes user)
    (34 B.Paste user)
    (35 F.Paste user)
    (36 B.SilkS user)
    (37 F.SilkS user hide)
    (38 B.Mask user)
    (39 F.Mask user)
    (40 Dwgs.User user)
    (41 Cmts.User user)
    (42 Eco1.User user)
    (43 Eco2.User user)
    (44 Edge.Cuts user)
    (45 Margin user)
    (46 B.CrtYd user)
    (47 F.CrtYd user)
    (48 B.Fab user)
    (49 F.Fab user)
  )

  (setup
    (last_trace_width 1.3)
    (user_trace_width 0.5)
    (user_trace_width 0.7)
    (user_trace_width 1.3)
    (trace_clearance 0.3)
    (zone_clearance 0.508)
    (zone_45_only no)
    (trace_min 0.3)
    (segment_width 0.2)
    (edge_width 0.15)
    (via_size 1.2)
    (via_drill 0.6)
    (via_min_size 1.2)
    (via_min_drill 0.3)
    (uvia_size 0.5)
    (uvia_drill 0.3)
    (uvias_allowed no)
    (uvia_min_size 0.2)
    (uvia_min_drill 0.1)
    (pcb_text_width 0.3)
    (pcb_text_size 1.5 1.5)
    (mod_edge_width 0.15)
    (mod_text_size 1 1)
    (mod_text_width 0.15)
    (pad_size 1.524 1.524)
    (pad_drill 0.762)
    (pad_to_mask_clearance 0.051)
    (solder_mask_min_width 0.25)
    (aux_axis_origin 0 0)
    (visible_elements FFFFFF7F)
    (pcbplotparams
      (layerselection 0x010fc_ffffffff)
      (usegerberextensions false)
      (usegerberattributes false)
      (usegerberadvancedattributes false)
      (creategerberjobfile false)
      (excludeedgelayer true)
      (linewidth 0.100000)
      (plotframeref false)
      (viasonmask false)
      (mode 1)
      (useauxorigin false)
      (hpglpennumber 1)
      (hpglpenspeed 20)
      (hpglpendiameter 15.000000)
      (psnegative false)
      (psa4output false)
      (plotreference true)
      (plotvalue true)
      (plotinvisibletext false)
      (padsonsilk false)
      (subtractmaskfromsilk false)
      (outputformat 1)
      (mirror false)
      (drillshape 1)
      (scaleselection 1)
      (outputdirectory ""))
  )

  (net 0 "")
  (net 1 "Net-(D1-Pad1)")
  (net 2 "Net-(D1-Pad2)")
  (net 3 "Net-(D2-Pad1)")
  (net 4 "Net-(D3-Pad1)")
  (net 5 "Net-(D4-Pad1)")
  (net 6 "Net-(D5-Pad1)")
  (net 7 "Net-(D6-Pad1)")
  (net 8 "Net-(D7-Pad1)")
  (net 9 "Net-(D8-Pad1)")
  (net 10 "Net-(D10-Pad2)")
  (net 11 "Net-(D10-Pad1)")
  (net 12 "Net-(D11-Pad2)")
  (net 13 "Net-(D11-Pad1)")
  (net 14 "Net-(D12-Pad1)")
  (net 15 "Net-(D13-Pad1)")
  (net 16 "Net-(D14-Pad1)")
  (net 17 "Net-(D15-Pad1)")
  (net 18 "Net-(D16-Pad1)")
  (net 19 "Net-(D17-Pad1)")
  (net 20 "Net-(D18-Pad1)")
  (net 21 "Net-(D19-Pad1)")
  (net 22 "Net-(D21-Pad2)")
  (net 23 "Net-(D21-Pad1)")
  (net 24 "Net-(D22-Pad1)")
  (net 25 "Net-(D23-Pad1)")
  (net 26 "Net-(D24-Pad1)")
  (net 27 "Net-(D25-Pad1)")
  (net 28 "Net-(D26-Pad1)")
  (net 29 "Net-(D27-Pad1)")
  (net 30 "Net-(D28-Pad1)")
  (net 31 "Net-(D29-Pad1)")
  (net 32 "Net-(D31-Pad2)")
  (net 33 "Net-(D31-Pad1)")
  (net 34 "Net-(D32-Pad1)")
  (net 35 "Net-(D33-Pad1)")
  (net 36 "Net-(D34-Pad1)")
  (net 37 "Net-(D35-Pad1)")
  (net 38 "Net-(D36-Pad1)")
  (net 39 "Net-(D37-Pad1)")
  (net 40 "Net-(D38-Pad1)")
  (net 41 "Net-(D39-Pad1)")
  (net 42 "Net-(D41-Pad2)")
  (net 43 "Net-(D41-Pad1)")
  (net 44 "Net-(D42-Pad1)")
  (net 45 "Net-(D43-Pad1)")
  (net 46 "Net-(D44-Pad1)")
  (net 47 "Net-(D45-Pad1)")
  (net 48 "Net-(D46-Pad1)")
  (net 49 "Net-(D47-Pad1)")
  (net 50 "Net-(D48-Pad1)")
  (net 51 "Net-(D49-Pad1)")
  (net 52 "Net-(D51-Pad2)")
  (net 53 "Net-(D51-Pad1)")
  (net 54 "Net-(D52-Pad1)")
  (net 55 "Net-(D53-Pad1)")
  (net 56 "Net-(D54-Pad1)")
  (net 57 "Net-(D55-Pad1)")
  (net 58 "Net-(D56-Pad1)")
  (net 59 "Net-(D57-Pad1)")
  (net 60 "Net-(D58-Pad1)")
  (net 61 "Net-(D59-Pad1)")
  (net 62 "Net-(D61-Pad2)")
  (net 63 "Net-(D61-Pad1)")
  (net 64 "Net-(D62-Pad1)")
  (net 65 "Net-(D63-Pad1)")
  (net 66 "Net-(D64-Pad1)")
  (net 67 "Net-(D65-Pad1)")
  (net 68 "Net-(D66-Pad1)")
  (net 69 "Net-(D67-Pad1)")
  (net 70 "Net-(D68-Pad1)")
  (net 71 "Net-(D69-Pad1)")
  (net 72 "Net-(D71-Pad2)")
  (net 73 "Net-(D71-Pad1)")
  (net 74 "Net-(D72-Pad1)")
  (net 75 "Net-(D73-Pad1)")
  (net 76 "Net-(D74-Pad1)")
  (net 77 "Net-(D75-Pad1)")
  (net 78 "Net-(D76-Pad1)")
  (net 79 "Net-(D77-Pad1)")
  (net 80 "Net-(D78-Pad1)")
  (net 81 "Net-(D79-Pad1)")
  (net 82 "Net-(D81-Pad2)")
  (net 83 "Net-(D81-Pad1)")
  (net 84 "Net-(D82-Pad1)")
  (net 85 "Net-(D83-Pad1)")
  (net 86 "Net-(D84-Pad1)")
  (net 87 "Net-(D85-Pad1)")
  (net 88 "Net-(D86-Pad1)")
  (net 89 "Net-(D87-Pad1)")
  (net 90 "Net-(D88-Pad1)")
  (net 91 "Net-(D89-Pad1)")
  (net 92 "Net-(D91-Pad2)")
  (net 93 "Net-(D91-Pad1)")
  (net 94 "Net-(D92-Pad1)")
  (net 95 "Net-(D93-Pad1)")
  (net 96 "Net-(D94-Pad1)")
  (net 97 "Net-(D95-Pad1)")
  (net 98 "Net-(D96-Pad1)")
  (net 99 "Net-(D97-Pad1)")
  (net 100 "Net-(D98-Pad1)")
  (net 101 "Net-(D100-Pad2)")
  (net 102 "Net-(D101-Pad2)")
  (net 103 "Net-(D101-Pad1)")
  (net 104 "Net-(D102-Pad1)")
  (net 105 "Net-(D103-Pad1)")
  (net 106 "Net-(D104-Pad1)")
  (net 107 "Net-(D105-Pad1)")
  (net 108 "Net-(D106-Pad1)")
  (net 109 "Net-(D107-Pad1)")
  (net 110 "Net-(D108-Pad1)")
  (net 111 "Net-(D109-Pad1)")
  (net 112 "Net-(D111-Pad1)")
  (net 113 "Net-(D111-Pad2)")
  (net 114 "Net-(D112-Pad1)")
  (net 115 "Net-(D113-Pad1)")
  (net 116 "Net-(D114-Pad1)")
  (net 117 "Net-(D115-Pad1)")
  (net 118 "Net-(D116-Pad1)")
  (net 119 "Net-(D117-Pad1)")
  (net 120 "Net-(D118-Pad1)")
  (net 121 "Net-(D119-Pad1)")
  (net 122 "Net-(D121-Pad2)")
  (net 123 "Net-(D121-Pad1)")
  (net 124 "Net-(D122-Pad1)")
  (net 125 "Net-(D123-Pad1)")
  (net 126 "Net-(D124-Pad1)")
  (net 127 "Net-(D125-Pad1)")
  (net 128 "Net-(D126-Pad1)")
  (net 129 "Net-(D127-Pad1)")
  (net 130 "Net-(D128-Pad1)")
  (net 131 "Net-(D129-Pad1)")
  (net 132 "Net-(D131-Pad2)")
  (net 133 "Net-(D131-Pad1)")
  (net 134 "Net-(D132-Pad1)")
  (net 135 "Net-(D133-Pad1)")
  (net 136 "Net-(D134-Pad1)")
  (net 137 "Net-(D135-Pad1)")
  (net 138 "Net-(D136-Pad1)")
  (net 139 "Net-(D137-Pad1)")
  (net 140 "Net-(D138-Pad1)")
  (net 141 "Net-(D139-Pad1)")
  (net 142 "Net-(D141-Pad1)")
  (net 143 "Net-(D141-Pad2)")
  (net 144 "Net-(D142-Pad1)")
  (net 145 "Net-(D143-Pad1)")
  (net 146 "Net-(D144-Pad1)")
  (net 147 "Net-(D145-Pad1)")
  (net 148 "Net-(D146-Pad1)")
  (net 149 "Net-(D147-Pad1)")
  (net 150 "Net-(D148-Pad1)")
  (net 151 "Net-(D149-Pad1)")
  (net 152 "Net-(D151-Pad2)")
  (net 153 "Net-(D151-Pad1)")
  (net 154 "Net-(D152-Pad1)")
  (net 155 "Net-(D153-Pad1)")
  (net 156 "Net-(D154-Pad1)")
  (net 157 "Net-(D155-Pad1)")
  (net 158 "Net-(D156-Pad1)")
  (net 159 "Net-(D157-Pad1)")
  (net 160 "Net-(D158-Pad1)")
  (net 161 "Net-(D159-Pad1)")
  (net 162 "Net-(J1-Pad1)")
  (net 163 "Net-(J1-Pad3)")

  (net_class Default "This is the default net class."
    (clearance 0.3)
    (trace_width 0.35)
    (via_dia 1.2)
    (via_drill 0.6)
    (uvia_dia 0.5)
    (uvia_drill 0.3)
    (diff_pair_gap 0.3)
    (diff_pair_width 0.3)
    (add_net "Net-(D1-Pad1)")
    (add_net "Net-(D1-Pad2)")
    (add_net "Net-(D10-Pad1)")
    (add_net "Net-(D10-Pad2)")
    (add_net "Net-(D100-Pad2)")
    (add_net "Net-(D101-Pad1)")
    (add_net "Net-(D101-Pad2)")
    (add_net "Net-(D102-Pad1)")
    (add_net "Net-(D103-Pad1)")
    (add_net "Net-(D104-Pad1)")
    (add_net "Net-(D105-Pad1)")
    (add_net "Net-(D106-Pad1)")
    (add_net "Net-(D107-Pad1)")
    (add_net "Net-(D108-Pad1)")
    (add_net "Net-(D109-Pad1)")
    (add_net "Net-(D11-Pad1)")
    (add_net "Net-(D11-Pad2)")
    (add_net "Net-(D111-Pad1)")
    (add_net "Net-(D111-Pad2)")
    (add_net "Net-(D112-Pad1)")
    (add_net "Net-(D113-Pad1)")
    (add_net "Net-(D114-Pad1)")
    (add_net "Net-(D115-Pad1)")
    (add_net "Net-(D116-Pad1)")
    (add_net "Net-(D117-Pad1)")
    (add_net "Net-(D118-Pad1)")
    (add_net "Net-(D119-Pad1)")
    (add_net "Net-(D12-Pad1)")
    (add_net "Net-(D121-Pad1)")
    (add_net "Net-(D121-Pad2)")
    (add_net "Net-(D122-Pad1)")
    (add_net "Net-(D123-Pad1)")
    (add_net "Net-(D124-Pad1)")
    (add_net "Net-(D125-Pad1)")
    (add_net "Net-(D126-Pad1)")
    (add_net "Net-(D127-Pad1)")
    (add_net "Net-(D128-Pad1)")
    (add_net "Net-(D129-Pad1)")
    (add_net "Net-(D13-Pad1)")
    (add_net "Net-(D131-Pad1)")
    (add_net "Net-(D131-Pad2)")
    (add_net "Net-(D132-Pad1)")
    (add_net "Net-(D133-Pad1)")
    (add_net "Net-(D134-Pad1)")
    (add_net "Net-(D135-Pad1)")
    (add_net "Net-(D136-Pad1)")
    (add_net "Net-(D137-Pad1)")
    (add_net "Net-(D138-Pad1)")
    (add_net "Net-(D139-Pad1)")
    (add_net "Net-(D14-Pad1)")
    (add_net "Net-(D141-Pad1)")
    (add_net "Net-(D141-Pad2)")
    (add_net "Net-(D142-Pad1)")
    (add_net "Net-(D143-Pad1)")
    (add_net "Net-(D144-Pad1)")
    (add_net "Net-(D145-Pad1)")
    (add_net "Net-(D146-Pad1)")
    (add_net "Net-(D147-Pad1)")
    (add_net "Net-(D148-Pad1)")
    (add_net "Net-(D149-Pad1)")
    (add_net "Net-(D15-Pad1)")
    (add_net "Net-(D151-Pad1)")
    (add_net "Net-(D151-Pad2)")
    (add_net "Net-(D152-Pad1)")
    (add_net "Net-(D153-Pad1)")
    (add_net "Net-(D154-Pad1)")
    (add_net "Net-(D155-Pad1)")
    (add_net "Net-(D156-Pad1)")
    (add_net "Net-(D157-Pad1)")
    (add_net "Net-(D158-Pad1)")
    (add_net "Net-(D159-Pad1)")
    (add_net "Net-(D16-Pad1)")
    (add_net "Net-(D17-Pad1)")
    (add_net "Net-(D18-Pad1)")
    (add_net "Net-(D19-Pad1)")
    (add_net "Net-(D2-Pad1)")
    (add_net "Net-(D21-Pad1)")
    (add_net "Net-(D21-Pad2)")
    (add_net "Net-(D22-Pad1)")
    (add_net "Net-(D23-Pad1)")
    (add_net "Net-(D24-Pad1)")
    (add_net "Net-(D25-Pad1)")
    (add_net "Net-(D26-Pad1)")
    (add_net "Net-(D27-Pad1)")
    (add_net "Net-(D28-Pad1)")
    (add_net "Net-(D29-Pad1)")
    (add_net "Net-(D3-Pad1)")
    (add_net "Net-(D31-Pad1)")
    (add_net "Net-(D31-Pad2)")
    (add_net "Net-(D32-Pad1)")
    (add_net "Net-(D33-Pad1)")
    (add_net "Net-(D34-Pad1)")
    (add_net "Net-(D35-Pad1)")
    (add_net "Net-(D36-Pad1)")
    (add_net "Net-(D37-Pad1)")
    (add_net "Net-(D38-Pad1)")
    (add_net "Net-(D39-Pad1)")
    (add_net "Net-(D4-Pad1)")
    (add_net "Net-(D41-Pad1)")
    (add_net "Net-(D41-Pad2)")
    (add_net "Net-(D42-Pad1)")
    (add_net "Net-(D43-Pad1)")
    (add_net "Net-(D44-Pad1)")
    (add_net "Net-(D45-Pad1)")
    (add_net "Net-(D46-Pad1)")
    (add_net "Net-(D47-Pad1)")
    (add_net "Net-(D48-Pad1)")
    (add_net "Net-(D49-Pad1)")
    (add_net "Net-(D5-Pad1)")
    (add_net "Net-(D51-Pad1)")
    (add_net "Net-(D51-Pad2)")
    (add_net "Net-(D52-Pad1)")
    (add_net "Net-(D53-Pad1)")
    (add_net "Net-(D54-Pad1)")
    (add_net "Net-(D55-Pad1)")
    (add_net "Net-(D56-Pad1)")
    (add_net "Net-(D57-Pad1)")
    (add_net "Net-(D58-Pad1)")
    (add_net "Net-(D59-Pad1)")
    (add_net "Net-(D6-Pad1)")
    (add_net "Net-(D61-Pad1)")
    (add_net "Net-(D61-Pad2)")
    (add_net "Net-(D62-Pad1)")
    (add_net "Net-(D63-Pad1)")
    (add_net "Net-(D64-Pad1)")
    (add_net "Net-(D65-Pad1)")
    (add_net "Net-(D66-Pad1)")
    (add_net "Net-(D67-Pad1)")
    (add_net "Net-(D68-Pad1)")
    (add_net "Net-(D69-Pad1)")
    (add_net "Net-(D7-Pad1)")
    (add_net "Net-(D71-Pad1)")
    (add_net "Net-(D71-Pad2)")
    (add_net "Net-(D72-Pad1)")
    (add_net "Net-(D73-Pad1)")
    (add_net "Net-(D74-Pad1)")
    (add_net "Net-(D75-Pad1)")
    (add_net "Net-(D76-Pad1)")
    (add_net "Net-(D77-Pad1)")
    (add_net "Net-(D78-Pad1)")
    (add_net "Net-(D79-Pad1)")
    (add_net "Net-(D8-Pad1)")
    (add_net "Net-(D81-Pad1)")
    (add_net "Net-(D81-Pad2)")
    (add_net "Net-(D82-Pad1)")
    (add_net "Net-(D83-Pad1)")
    (add_net "Net-(D84-Pad1)")
    (add_net "Net-(D85-Pad1)")
    (add_net "Net-(D86-Pad1)")
    (add_net "Net-(D87-Pad1)")
    (add_net "Net-(D88-Pad1)")
    (add_net "Net-(D89-Pad1)")
    (add_net "Net-(D91-Pad1)")
    (add_net "Net-(D91-Pad2)")
    (add_net "Net-(D92-Pad1)")
    (add_net "Net-(D93-Pad1)")
    (add_net "Net-(D94-Pad1)")
    (add_net "Net-(D95-Pad1)")
    (add_net "Net-(D96-Pad1)")
    (add_net "Net-(D97-Pad1)")
    (add_net "Net-(D98-Pad1)")
    (add_net "Net-(J1-Pad1)")
    (add_net "Net-(J1-Pad3)")
  )

  (module LED_THT:LED_D3.0mm_FlatTop (layer F.Cu) (tedit 5880A862) (tstamp 5E96CC15)
    (at 81.28 53.34 90)
    (descr "LED, Round, FlatTop, diameter 3.0mm, 2 pins, http://www.kingbright.com/attachments/file/psearch/000/00/00/L-47XEC(Ver.9A).pdf")
    (tags "LED Round FlatTop diameter 3.0mm 2 pins")
    (path /5E88A440)
    (fp_text reference D1 (at 1.27 -2.96 90) (layer F.SilkS)
      (effects (font (size 1 1) (thickness 0.15)))
    )
    (fp_text value LED (at 1.27 2.96 90) (layer F.Fab)
      (effects (font (size 1 1) (thickness 0.15)))
    )
    (fp_arc (start 1.27 0) (end -0.23 -1.16619) (angle 284.3) (layer F.Fab) (width 0.1))
    (fp_arc (start 1.27 0) (end -0.29 -1.235516) (angle 108.8) (layer F.SilkS) (width 0.12))
    (fp_arc (start 1.27 0) (end -0.29 1.235516) (angle -108.8) (layer F.SilkS) (width 0.12))
    (fp_arc (start 1.27 0) (end 0.229039 -1.08) (angle 87.9) (layer F.SilkS) (width 0.12))
    (fp_arc (start 1.27 0) (end 0.229039 1.08) (angle -87.9) (layer F.SilkS) (width 0.12))
    (fp_circle (center 1.27 0) (end 2.77 0) (layer F.Fab) (width 0.1))
    (fp_line (start -0.23 -1.16619) (end -0.23 1.16619) (layer F.Fab) (width 0.1))
    (fp_line (start -0.29 -1.236) (end -0.29 -1.08) (layer F.SilkS) (width 0.12))
    (fp_line (start -0.29 1.08) (end -0.29 1.236) (layer F.SilkS) (width 0.12))
    (fp_line (start -1.15 -2.25) (end -1.15 2.25) (layer F.CrtYd) (width 0.05))
    (fp_line (start -1.15 2.25) (end 3.7 2.25) (layer F.CrtYd) (width 0.05))
    (fp_line (start 3.7 2.25) (end 3.7 -2.25) (layer F.CrtYd) (width 0.05))
    (fp_line (start 3.7 -2.25) (end -1.15 -2.25) (layer F.CrtYd) (width 0.05))
    (pad 1 thru_hole rect (at 0 0 90) (size 1.8 1.8) (drill 0.9) (layers *.Cu *.Mask)
      (net 1 "Net-(D1-Pad1)"))
    (pad 2 thru_hole circle (at 2.54 0 90) (size 1.8 1.8) (drill 0.9) (layers *.Cu *.Mask)
      (net 2 "Net-(D1-Pad2)"))
    (model ${KISYS3DMOD}/LED_THT.3dshapes/LED_D3.0mm_FlatTop.wrl
      (at (xyz 0 0 0))
      (scale (xyz 1 1 1))
      (rotate (xyz 0 0 0))
    )
  )

  (module LED_THT:LED_D3.0mm_FlatTop (layer F.Cu) (tedit 5880A862) (tstamp 5E956BAA)
    (at 81.28 64.346666 90)
    (descr "LED, Round, FlatTop, diameter 3.0mm, 2 pins, http://www.kingbright.com/attachments/file/psearch/000/00/00/L-47XEC(Ver.9A).pdf")
    (tags "LED Round FlatTop diameter 3.0mm 2 pins")
    (path /5E88A50E)
    (fp_text reference D2 (at 1.27 -2.96 90) (layer F.SilkS)
      (effects (font (size 1 1) (thickness 0.15)))
    )
    (fp_text value LED (at 1.27 2.96 90) (layer F.Fab)
      (effects (font (size 1 1) (thickness 0.15)))
    )
    (fp_arc (start 1.27 0) (end -0.23 -1.16619) (angle 284.3) (layer F.Fab) (width 0.1))
    (fp_arc (start 1.27 0) (end -0.29 -1.235516) (angle 108.8) (layer F.SilkS) (width 0.12))
    (fp_arc (start 1.27 0) (end -0.29 1.235516) (angle -108.8) (layer F.SilkS) (width 0.12))
    (fp_arc (start 1.27 0) (end 0.229039 -1.08) (angle 87.9) (layer F.SilkS) (width 0.12))
    (fp_arc (start 1.27 0) (end 0.229039 1.08) (angle -87.9) (layer F.SilkS) (width 0.12))
    (fp_circle (center 1.27 0) (end 2.77 0) (layer F.Fab) (width 0.1))
    (fp_line (start -0.23 -1.16619) (end -0.23 1.16619) (layer F.Fab) (width 0.1))
    (fp_line (start -0.29 -1.236) (end -0.29 -1.08) (layer F.SilkS) (width 0.12))
    (fp_line (start -0.29 1.08) (end -0.29 1.236) (layer F.SilkS) (width 0.12))
    (fp_line (start -1.15 -2.25) (end -1.15 2.25) (layer F.CrtYd) (width 0.05))
    (fp_line (start -1.15 2.25) (end 3.7 2.25) (layer F.CrtYd) (width 0.05))
    (fp_line (start 3.7 2.25) (end 3.7 -2.25) (layer F.CrtYd) (width 0.05))
    (fp_line (start 3.7 -2.25) (end -1.15 -2.25) (layer F.CrtYd) (width 0.05))
    (pad 1 thru_hole rect (at 0 0 90) (size 1.8 1.8) (drill 0.9) (layers *.Cu *.Mask)
      (net 3 "Net-(D2-Pad1)"))
    (pad 2 thru_hole circle (at 2.54 0 90) (size 1.8 1.8) (drill 0.9) (layers *.Cu *.Mask)
      (net 1 "Net-(D1-Pad1)"))
    (model ${KISYS3DMOD}/LED_THT.3dshapes/LED_D3.0mm_FlatTop.wrl
      (at (xyz 0 0 0))
      (scale (xyz 1 1 1))
      (rotate (xyz 0 0 0))
    )
  )

  (module LED_THT:LED_D3.0mm_FlatTop (layer F.Cu) (tedit 5880A862) (tstamp 5E9543E9)
    (at 81.28 75.353332 90)
    (descr "LED, Round, FlatTop, diameter 3.0mm, 2 pins, http://www.kingbright.com/attachments/file/psearch/000/00/00/L-47XEC(Ver.9A).pdf")
    (tags "LED Round FlatTop diameter 3.0mm 2 pins")
    (path /5E88A536)
    (fp_text reference D3 (at 1.27 -2.96 90) (layer F.SilkS)
      (effects (font (size 1 1) (thickness 0.15)))
    )
    (fp_text value LED (at 1.27 2.96 90) (layer F.Fab)
      (effects (font (size 1 1) (thickness 0.15)))
    )
    (fp_line (start 3.7 -2.25) (end -1.15 -2.25) (layer F.CrtYd) (width 0.05))
    (fp_line (start 3.7 2.25) (end 3.7 -2.25) (layer F.CrtYd) (width 0.05))
    (fp_line (start -1.15 2.25) (end 3.7 2.25) (layer F.CrtYd) (width 0.05))
    (fp_line (start -1.15 -2.25) (end -1.15 2.25) (layer F.CrtYd) (width 0.05))
    (fp_line (start -0.29 1.08) (end -0.29 1.236) (layer F.SilkS) (width 0.12))
    (fp_line (start -0.29 -1.236) (end -0.29 -1.08) (layer F.SilkS) (width 0.12))
    (fp_line (start -0.23 -1.16619) (end -0.23 1.16619) (layer F.Fab) (width 0.1))
    (fp_circle (center 1.27 0) (end 2.77 0) (layer F.Fab) (width 0.1))
    (fp_arc (start 1.27 0) (end 0.229039 1.08) (angle -87.9) (layer F.SilkS) (width 0.12))
    (fp_arc (start 1.27 0) (end 0.229039 -1.08) (angle 87.9) (layer F.SilkS) (width 0.12))
    (fp_arc (start 1.27 0) (end -0.29 1.235516) (angle -108.8) (layer F.SilkS) (width 0.12))
    (fp_arc (start 1.27 0) (end -0.29 -1.235516) (angle 108.8) (layer F.SilkS) (width 0.12))
    (fp_arc (start 1.27 0) (end -0.23 -1.16619) (angle 284.3) (layer F.Fab) (width 0.1))
    (pad 2 thru_hole circle (at 2.54 0 90) (size 1.8 1.8) (drill 0.9) (layers *.Cu *.Mask)
      (net 3 "Net-(D2-Pad1)"))
    (pad 1 thru_hole rect (at 0 0 90) (size 1.8 1.8) (drill 0.9) (layers *.Cu *.Mask)
      (net 4 "Net-(D3-Pad1)"))
    (model ${KISYS3DMOD}/LED_THT.3dshapes/LED_D3.0mm_FlatTop.wrl
      (at (xyz 0 0 0))
      (scale (xyz 1 1 1))
      (rotate (xyz 0 0 0))
    )
  )

  (module LED_THT:LED_D3.0mm_FlatTop (layer F.Cu) (tedit 5880A862) (tstamp 5E9543FC)
    (at 81.28 86.359998 90)
    (descr "LED, Round, FlatTop, diameter 3.0mm, 2 pins, http://www.kingbright.com/attachments/file/psearch/000/00/00/L-47XEC(Ver.9A).pdf")
    (tags "LED Round FlatTop diameter 3.0mm 2 pins")
    (path /5E88A560)
    (fp_text reference D4 (at 1.27 -2.96 90) (layer F.SilkS)
      (effects (font (size 1 1) (thickness 0.15)))
    )
    (fp_text value LED (at 1.27 2.96 90) (layer F.Fab)
      (effects (font (size 1 1) (thickness 0.15)))
    )
    (fp_arc (start 1.27 0) (end -0.23 -1.16619) (angle 284.3) (layer F.Fab) (width 0.1))
    (fp_arc (start 1.27 0) (end -0.29 -1.235516) (angle 108.8) (layer F.SilkS) (width 0.12))
    (fp_arc (start 1.27 0) (end -0.29 1.235516) (angle -108.8) (layer F.SilkS) (width 0.12))
    (fp_arc (start 1.27 0) (end 0.229039 -1.08) (angle 87.9) (layer F.SilkS) (width 0.12))
    (fp_arc (start 1.27 0) (end 0.229039 1.08) (angle -87.9) (layer F.SilkS) (width 0.12))
    (fp_circle (center 1.27 0) (end 2.77 0) (layer F.Fab) (width 0.1))
    (fp_line (start -0.23 -1.16619) (end -0.23 1.16619) (layer F.Fab) (width 0.1))
    (fp_line (start -0.29 -1.236) (end -0.29 -1.08) (layer F.SilkS) (width 0.12))
    (fp_line (start -0.29 1.08) (end -0.29 1.236) (layer F.SilkS) (width 0.12))
    (fp_line (start -1.15 -2.25) (end -1.15 2.25) (layer F.CrtYd) (width 0.05))
    (fp_line (start -1.15 2.25) (end 3.7 2.25) (layer F.CrtYd) (width 0.05))
    (fp_line (start 3.7 2.25) (end 3.7 -2.25) (layer F.CrtYd) (width 0.05))
    (fp_line (start 3.7 -2.25) (end -1.15 -2.25) (layer F.CrtYd) (width 0.05))
    (pad 1 thru_hole rect (at 0 0 90) (size 1.8 1.8) (drill 0.9) (layers *.Cu *.Mask)
      (net 5 "Net-(D4-Pad1)"))
    (pad 2 thru_hole circle (at 2.54 0 90) (size 1.8 1.8) (drill 0.9) (layers *.Cu *.Mask)
      (net 4 "Net-(D3-Pad1)"))
    (model ${KISYS3DMOD}/LED_THT.3dshapes/LED_D3.0mm_FlatTop.wrl
      (at (xyz 0 0 0))
      (scale (xyz 1 1 1))
      (rotate (xyz 0 0 0))
    )
  )

  (module LED_THT:LED_D3.0mm_FlatTop (layer F.Cu) (tedit 5880A862) (tstamp 5E95440F)
    (at 81.28 97.366664 90)
    (descr "LED, Round, FlatTop, diameter 3.0mm, 2 pins, http://www.kingbright.com/attachments/file/psearch/000/00/00/L-47XEC(Ver.9A).pdf")
    (tags "LED Round FlatTop diameter 3.0mm 2 pins")
    (path /5E88A5B8)
    (fp_text reference D5 (at 1.27 -2.96 90) (layer F.SilkS)
      (effects (font (size 1 1) (thickness 0.15)))
    )
    (fp_text value LED (at 1.27 2.96 90) (layer F.Fab)
      (effects (font (size 1 1) (thickness 0.15)))
    )
    (fp_line (start 3.7 -2.25) (end -1.15 -2.25) (layer F.CrtYd) (width 0.05))
    (fp_line (start 3.7 2.25) (end 3.7 -2.25) (layer F.CrtYd) (width 0.05))
    (fp_line (start -1.15 2.25) (end 3.7 2.25) (layer F.CrtYd) (width 0.05))
    (fp_line (start -1.15 -2.25) (end -1.15 2.25) (layer F.CrtYd) (width 0.05))
    (fp_line (start -0.29 1.08) (end -0.29 1.236) (layer F.SilkS) (width 0.12))
    (fp_line (start -0.29 -1.236) (end -0.29 -1.08) (layer F.SilkS) (width 0.12))
    (fp_line (start -0.23 -1.16619) (end -0.23 1.16619) (layer F.Fab) (width 0.1))
    (fp_circle (center 1.27 0) (end 2.77 0) (layer F.Fab) (width 0.1))
    (fp_arc (start 1.27 0) (end 0.229039 1.08) (angle -87.9) (layer F.SilkS) (width 0.12))
    (fp_arc (start 1.27 0) (end 0.229039 -1.08) (angle 87.9) (layer F.SilkS) (width 0.12))
    (fp_arc (start 1.27 0) (end -0.29 1.235516) (angle -108.8) (layer F.SilkS) (width 0.12))
    (fp_arc (start 1.27 0) (end -0.29 -1.235516) (angle 108.8) (layer F.SilkS) (width 0.12))
    (fp_arc (start 1.27 0) (end -0.23 -1.16619) (angle 284.3) (layer F.Fab) (width 0.1))
    (pad 2 thru_hole circle (at 2.54 0 90) (size 1.8 1.8) (drill 0.9) (layers *.Cu *.Mask)
      (net 5 "Net-(D4-Pad1)"))
    (pad 1 thru_hole rect (at 0 0 90) (size 1.8 1.8) (drill 0.9) (layers *.Cu *.Mask)
      (net 6 "Net-(D5-Pad1)"))
    (model ${KISYS3DMOD}/LED_THT.3dshapes/LED_D3.0mm_FlatTop.wrl
      (at (xyz 0 0 0))
      (scale (xyz 1 1 1))
      (rotate (xyz 0 0 0))
    )
  )

  (module LED_THT:LED_D3.0mm_FlatTop (layer F.Cu) (tedit 5880A862) (tstamp 5E954422)
    (at 81.28 108.37333 90)
    (descr "LED, Round, FlatTop, diameter 3.0mm, 2 pins, http://www.kingbright.com/attachments/file/psearch/000/00/00/L-47XEC(Ver.9A).pdf")
    (tags "LED Round FlatTop diameter 3.0mm 2 pins")
    (path /5E88A793)
    (fp_text reference D6 (at 1.27 -2.96 90) (layer F.SilkS)
      (effects (font (size 1 1) (thickness 0.15)))
    )
    (fp_text value LED (at 1.27 2.96 90) (layer F.Fab)
      (effects (font (size 1 1) (thickness 0.15)))
    )
    (fp_arc (start 1.27 0) (end -0.23 -1.16619) (angle 284.3) (layer F.Fab) (width 0.1))
    (fp_arc (start 1.27 0) (end -0.29 -1.235516) (angle 108.8) (layer F.SilkS) (width 0.12))
    (fp_arc (start 1.27 0) (end -0.29 1.235516) (angle -108.8) (layer F.SilkS) (width 0.12))
    (fp_arc (start 1.27 0) (end 0.229039 -1.08) (angle 87.9) (layer F.SilkS) (width 0.12))
    (fp_arc (start 1.27 0) (end 0.229039 1.08) (angle -87.9) (layer F.SilkS) (width 0.12))
    (fp_circle (center 1.27 0) (end 2.77 0) (layer F.Fab) (width 0.1))
    (fp_line (start -0.23 -1.16619) (end -0.23 1.16619) (layer F.Fab) (width 0.1))
    (fp_line (start -0.29 -1.236) (end -0.29 -1.08) (layer F.SilkS) (width 0.12))
    (fp_line (start -0.29 1.08) (end -0.29 1.236) (layer F.SilkS) (width 0.12))
    (fp_line (start -1.15 -2.25) (end -1.15 2.25) (layer F.CrtYd) (width 0.05))
    (fp_line (start -1.15 2.25) (end 3.7 2.25) (layer F.CrtYd) (width 0.05))
    (fp_line (start 3.7 2.25) (end 3.7 -2.25) (layer F.CrtYd) (width 0.05))
    (fp_line (start 3.7 -2.25) (end -1.15 -2.25) (layer F.CrtYd) (width 0.05))
    (pad 1 thru_hole rect (at 0 0 90) (size 1.8 1.8) (drill 0.9) (layers *.Cu *.Mask)
      (net 7 "Net-(D6-Pad1)"))
    (pad 2 thru_hole circle (at 2.54 0 90) (size 1.8 1.8) (drill 0.9) (layers *.Cu *.Mask)
      (net 6 "Net-(D5-Pad1)"))
    (model ${KISYS3DMOD}/LED_THT.3dshapes/LED_D3.0mm_FlatTop.wrl
      (at (xyz 0 0 0))
      (scale (xyz 1 1 1))
      (rotate (xyz 0 0 0))
    )
  )

  (module LED_THT:LED_D3.0mm_FlatTop (layer F.Cu) (tedit 5880A862) (tstamp 5E954435)
    (at 81.28 119.379996 90)
    (descr "LED, Round, FlatTop, diameter 3.0mm, 2 pins, http://www.kingbright.com/attachments/file/psearch/000/00/00/L-47XEC(Ver.9A).pdf")
    (tags "LED Round FlatTop diameter 3.0mm 2 pins")
    (path /5E88A799)
    (fp_text reference D7 (at 1.27 -2.96 90) (layer F.SilkS)
      (effects (font (size 1 1) (thickness 0.15)))
    )
    (fp_text value LED (at 1.27 2.96 90) (layer F.Fab)
      (effects (font (size 1 1) (thickness 0.15)))
    )
    (fp_line (start 3.7 -2.25) (end -1.15 -2.25) (layer F.CrtYd) (width 0.05))
    (fp_line (start 3.7 2.25) (end 3.7 -2.25) (layer F.CrtYd) (width 0.05))
    (fp_line (start -1.15 2.25) (end 3.7 2.25) (layer F.CrtYd) (width 0.05))
    (fp_line (start -1.15 -2.25) (end -1.15 2.25) (layer F.CrtYd) (width 0.05))
    (fp_line (start -0.29 1.08) (end -0.29 1.236) (layer F.SilkS) (width 0.12))
    (fp_line (start -0.29 -1.236) (end -0.29 -1.08) (layer F.SilkS) (width 0.12))
    (fp_line (start -0.23 -1.16619) (end -0.23 1.16619) (layer F.Fab) (width 0.1))
    (fp_circle (center 1.27 0) (end 2.77 0) (layer F.Fab) (width 0.1))
    (fp_arc (start 1.27 0) (end 0.229039 1.08) (angle -87.9) (layer F.SilkS) (width 0.12))
    (fp_arc (start 1.27 0) (end 0.229039 -1.08) (angle 87.9) (layer F.SilkS) (width 0.12))
    (fp_arc (start 1.27 0) (end -0.29 1.235516) (angle -108.8) (layer F.SilkS) (width 0.12))
    (fp_arc (start 1.27 0) (end -0.29 -1.235516) (angle 108.8) (layer F.SilkS) (width 0.12))
    (fp_arc (start 1.27 0) (end -0.23 -1.16619) (angle 284.3) (layer F.Fab) (width 0.1))
    (pad 2 thru_hole circle (at 2.54 0 90) (size 1.8 1.8) (drill 0.9) (layers *.Cu *.Mask)
      (net 7 "Net-(D6-Pad1)"))
    (pad 1 thru_hole rect (at 0 0 90) (size 1.8 1.8) (drill 0.9) (layers *.Cu *.Mask)
      (net 8 "Net-(D7-Pad1)"))
    (model ${KISYS3DMOD}/LED_THT.3dshapes/LED_D3.0mm_FlatTop.wrl
      (at (xyz 0 0 0))
      (scale (xyz 1 1 1))
      (rotate (xyz 0 0 0))
    )
  )

  (module LED_THT:LED_D3.0mm_FlatTop (layer F.Cu) (tedit 5880A862) (tstamp 5E954448)
    (at 81.28 130.386662 90)
    (descr "LED, Round, FlatTop, diameter 3.0mm, 2 pins, http://www.kingbright.com/attachments/file/psearch/000/00/00/L-47XEC(Ver.9A).pdf")
    (tags "LED Round FlatTop diameter 3.0mm 2 pins")
    (path /5E88A79F)
    (fp_text reference D8 (at 1.27 -2.96 90) (layer F.SilkS)
      (effects (font (size 1 1) (thickness 0.15)))
    )
    (fp_text value LED (at 1.27 2.96 90) (layer F.Fab)
      (effects (font (size 1 1) (thickness 0.15)))
    )
    (fp_arc (start 1.27 0) (end -0.23 -1.16619) (angle 284.3) (layer F.Fab) (width 0.1))
    (fp_arc (start 1.27 0) (end -0.29 -1.235516) (angle 108.8) (layer F.SilkS) (width 0.12))
    (fp_arc (start 1.27 0) (end -0.29 1.235516) (angle -108.8) (layer F.SilkS) (width 0.12))
    (fp_arc (start 1.27 0) (end 0.229039 -1.08) (angle 87.9) (layer F.SilkS) (width 0.12))
    (fp_arc (start 1.27 0) (end 0.229039 1.08) (angle -87.9) (layer F.SilkS) (width 0.12))
    (fp_circle (center 1.27 0) (end 2.77 0) (layer F.Fab) (width 0.1))
    (fp_line (start -0.23 -1.16619) (end -0.23 1.16619) (layer F.Fab) (width 0.1))
    (fp_line (start -0.29 -1.236) (end -0.29 -1.08) (layer F.SilkS) (width 0.12))
    (fp_line (start -0.29 1.08) (end -0.29 1.236) (layer F.SilkS) (width 0.12))
    (fp_line (start -1.15 -2.25) (end -1.15 2.25) (layer F.CrtYd) (width 0.05))
    (fp_line (start -1.15 2.25) (end 3.7 2.25) (layer F.CrtYd) (width 0.05))
    (fp_line (start 3.7 2.25) (end 3.7 -2.25) (layer F.CrtYd) (width 0.05))
    (fp_line (start 3.7 -2.25) (end -1.15 -2.25) (layer F.CrtYd) (width 0.05))
    (pad 1 thru_hole rect (at 0 0 90) (size 1.8 1.8) (drill 0.9) (layers *.Cu *.Mask)
      (net 9 "Net-(D8-Pad1)"))
    (pad 2 thru_hole circle (at 2.54 0 90) (size 1.8 1.8) (drill 0.9) (layers *.Cu *.Mask)
      (net 8 "Net-(D7-Pad1)"))
    (model ${KISYS3DMOD}/LED_THT.3dshapes/LED_D3.0mm_FlatTop.wrl
      (at (xyz 0 0 0))
      (scale (xyz 1 1 1))
      (rotate (xyz 0 0 0))
    )
  )

  (module LED_THT:LED_D3.0mm_FlatTop (layer F.Cu) (tedit 5880A862) (tstamp 5E95960D)
    (at 81.28 141.393328 90)
    (descr "LED, Round, FlatTop, diameter 3.0mm, 2 pins, http://www.kingbright.com/attachments/file/psearch/000/00/00/L-47XEC(Ver.9A).pdf")
    (tags "LED Round FlatTop diameter 3.0mm 2 pins")
    (path /5E88A7A5)
    (fp_text reference D9 (at 1.27 -2.96 90) (layer F.SilkS)
      (effects (font (size 1 1) (thickness 0.15)))
    )
    (fp_text value LED (at 1.27 2.96 90) (layer F.Fab)
      (effects (font (size 1 1) (thickness 0.15)))
    )
    (fp_line (start 3.7 -2.25) (end -1.15 -2.25) (layer F.CrtYd) (width 0.05))
    (fp_line (start 3.7 2.25) (end 3.7 -2.25) (layer F.CrtYd) (width 0.05))
    (fp_line (start -1.15 2.25) (end 3.7 2.25) (layer F.CrtYd) (width 0.05))
    (fp_line (start -1.15 -2.25) (end -1.15 2.25) (layer F.CrtYd) (width 0.05))
    (fp_line (start -0.29 1.08) (end -0.29 1.236) (layer F.SilkS) (width 0.12))
    (fp_line (start -0.29 -1.236) (end -0.29 -1.08) (layer F.SilkS) (width 0.12))
    (fp_line (start -0.23 -1.16619) (end -0.23 1.16619) (layer F.Fab) (width 0.1))
    (fp_circle (center 1.27 0) (end 2.77 0) (layer F.Fab) (width 0.1))
    (fp_arc (start 1.27 0) (end 0.229039 1.08) (angle -87.9) (layer F.SilkS) (width 0.12))
    (fp_arc (start 1.27 0) (end 0.229039 -1.08) (angle 87.9) (layer F.SilkS) (width 0.12))
    (fp_arc (start 1.27 0) (end -0.29 1.235516) (angle -108.8) (layer F.SilkS) (width 0.12))
    (fp_arc (start 1.27 0) (end -0.29 -1.235516) (angle 108.8) (layer F.SilkS) (width 0.12))
    (fp_arc (start 1.27 0) (end -0.23 -1.16619) (angle 284.3) (layer F.Fab) (width 0.1))
    (pad 2 thru_hole circle (at 2.54 0 90) (size 1.8 1.8) (drill 0.9) (layers *.Cu *.Mask)
      (net 9 "Net-(D8-Pad1)"))
    (pad 1 thru_hole rect (at 0 0 90) (size 1.8 1.8) (drill 0.9) (layers *.Cu *.Mask)
      (net 10 "Net-(D10-Pad2)"))
    (model ${KISYS3DMOD}/LED_THT.3dshapes/LED_D3.0mm_FlatTop.wrl
      (at (xyz 0 0 0))
      (scale (xyz 1 1 1))
      (rotate (xyz 0 0 0))
    )
  )

  (module LED_THT:LED_D3.0mm_FlatTop (layer F.Cu) (tedit 5880A862) (tstamp 5E95446E)
    (at 81.28 152.4 90)
    (descr "LED, Round, FlatTop, diameter 3.0mm, 2 pins, http://www.kingbright.com/attachments/file/psearch/000/00/00/L-47XEC(Ver.9A).pdf")
    (tags "LED Round FlatTop diameter 3.0mm 2 pins")
    (path /5E88A7AB)
    (fp_text reference D10 (at 1.27 -2.96 90) (layer F.SilkS)
      (effects (font (size 1 1) (thickness 0.15)))
    )
    (fp_text value LED (at 1.27 2.96 90) (layer F.Fab)
      (effects (font (size 1 1) (thickness 0.15)))
    )
    (fp_arc (start 1.27 0) (end -0.23 -1.16619) (angle 284.3) (layer F.Fab) (width 0.1))
    (fp_arc (start 1.27 0) (end -0.29 -1.235516) (angle 108.8) (layer F.SilkS) (width 0.12))
    (fp_arc (start 1.27 0) (end -0.29 1.235516) (angle -108.8) (layer F.SilkS) (width 0.12))
    (fp_arc (start 1.27 0) (end 0.229039 -1.08) (angle 87.9) (layer F.SilkS) (width 0.12))
    (fp_arc (start 1.27 0) (end 0.229039 1.08) (angle -87.9) (layer F.SilkS) (width 0.12))
    (fp_circle (center 1.27 0) (end 2.77 0) (layer F.Fab) (width 0.1))
    (fp_line (start -0.23 -1.16619) (end -0.23 1.16619) (layer F.Fab) (width 0.1))
    (fp_line (start -0.29 -1.236) (end -0.29 -1.08) (layer F.SilkS) (width 0.12))
    (fp_line (start -0.29 1.08) (end -0.29 1.236) (layer F.SilkS) (width 0.12))
    (fp_line (start -1.15 -2.25) (end -1.15 2.25) (layer F.CrtYd) (width 0.05))
    (fp_line (start -1.15 2.25) (end 3.7 2.25) (layer F.CrtYd) (width 0.05))
    (fp_line (start 3.7 2.25) (end 3.7 -2.25) (layer F.CrtYd) (width 0.05))
    (fp_line (start 3.7 -2.25) (end -1.15 -2.25) (layer F.CrtYd) (width 0.05))
    (pad 1 thru_hole rect (at 0 0 90) (size 1.8 1.8) (drill 0.9) (layers *.Cu *.Mask)
      (net 11 "Net-(D10-Pad1)"))
    (pad 2 thru_hole circle (at 2.54 0 90) (size 1.8 1.8) (drill 0.9) (layers *.Cu *.Mask)
      (net 10 "Net-(D10-Pad2)"))
    (model ${KISYS3DMOD}/LED_THT.3dshapes/LED_D3.0mm_FlatTop.wrl
      (at (xyz 0 0 0))
      (scale (xyz 1 1 1))
      (rotate (xyz 0 0 0))
    )
  )

  (module LED_THT:LED_D3.0mm_FlatTop (layer F.Cu) (tedit 5880A862) (tstamp 5E96CA29)
    (at 91.44 53.34 90)
    (descr "LED, Round, FlatTop, diameter 3.0mm, 2 pins, http://www.kingbright.com/attachments/file/psearch/000/00/00/L-47XEC(Ver.9A).pdf")
    (tags "LED Round FlatTop diameter 3.0mm 2 pins")
    (path /5E8D4294)
    (fp_text reference D11 (at 1.27 -2.96 90) (layer F.SilkS)
      (effects (font (size 1 1) (thickness 0.15)))
    )
    (fp_text value LED (at 1.27 2.96 90) (layer F.Fab)
      (effects (font (size 1 1) (thickness 0.15)))
    )
    (fp_arc (start 1.27 0) (end -0.23 -1.16619) (angle 284.3) (layer F.Fab) (width 0.1))
    (fp_arc (start 1.27 0) (end -0.29 -1.235516) (angle 108.8) (layer F.SilkS) (width 0.12))
    (fp_arc (start 1.27 0) (end -0.29 1.235516) (angle -108.8) (layer F.SilkS) (width 0.12))
    (fp_arc (start 1.27 0) (end 0.229039 -1.08) (angle 87.9) (layer F.SilkS) (width 0.12))
    (fp_arc (start 1.27 0) (end 0.229039 1.08) (angle -87.9) (layer F.SilkS) (width 0.12))
    (fp_circle (center 1.27 0) (end 2.77 0) (layer F.Fab) (width 0.1))
    (fp_line (start -0.23 -1.16619) (end -0.23 1.16619) (layer F.Fab) (width 0.1))
    (fp_line (start -0.29 -1.236) (end -0.29 -1.08) (layer F.SilkS) (width 0.12))
    (fp_line (start -0.29 1.08) (end -0.29 1.236) (layer F.SilkS) (width 0.12))
    (fp_line (start -1.15 -2.25) (end -1.15 2.25) (layer F.CrtYd) (width 0.05))
    (fp_line (start -1.15 2.25) (end 3.7 2.25) (layer F.CrtYd) (width 0.05))
    (fp_line (start 3.7 2.25) (end 3.7 -2.25) (layer F.CrtYd) (width 0.05))
    (fp_line (start 3.7 -2.25) (end -1.15 -2.25) (layer F.CrtYd) (width 0.05))
    (pad 1 thru_hole rect (at 0 0 90) (size 1.8 1.8) (drill 0.9) (layers *.Cu *.Mask)
      (net 13 "Net-(D11-Pad1)"))
    (pad 2 thru_hole circle (at 2.54 0 90) (size 1.8 1.8) (drill 0.9) (layers *.Cu *.Mask)
      (net 12 "Net-(D11-Pad2)"))
    (model ${KISYS3DMOD}/LED_THT.3dshapes/LED_D3.0mm_FlatTop.wrl
      (at (xyz 0 0 0))
      (scale (xyz 1 1 1))
      (rotate (xyz 0 0 0))
    )
  )

  (module LED_THT:LED_D3.0mm_FlatTop (layer F.Cu) (tedit 5880A862) (tstamp 5E95D872)
    (at 91.444373 64.346666 90)
    (descr "LED, Round, FlatTop, diameter 3.0mm, 2 pins, http://www.kingbright.com/attachments/file/psearch/000/00/00/L-47XEC(Ver.9A).pdf")
    (tags "LED Round FlatTop diameter 3.0mm 2 pins")
    (path /5E8D429A)
    (fp_text reference D12 (at 1.27 -2.96 90) (layer F.SilkS)
      (effects (font (size 1 1) (thickness 0.15)))
    )
    (fp_text value LED (at 1.27 2.96 90) (layer F.Fab)
      (effects (font (size 1 1) (thickness 0.15)))
    )
    (fp_line (start 3.7 -2.25) (end -1.15 -2.25) (layer F.CrtYd) (width 0.05))
    (fp_line (start 3.7 2.25) (end 3.7 -2.25) (layer F.CrtYd) (width 0.05))
    (fp_line (start -1.15 2.25) (end 3.7 2.25) (layer F.CrtYd) (width 0.05))
    (fp_line (start -1.15 -2.25) (end -1.15 2.25) (layer F.CrtYd) (width 0.05))
    (fp_line (start -0.29 1.08) (end -0.29 1.236) (layer F.SilkS) (width 0.12))
    (fp_line (start -0.29 -1.236) (end -0.29 -1.08) (layer F.SilkS) (width 0.12))
    (fp_line (start -0.23 -1.16619) (end -0.23 1.16619) (layer F.Fab) (width 0.1))
    (fp_circle (center 1.27 0) (end 2.77 0) (layer F.Fab) (width 0.1))
    (fp_arc (start 1.27 0) (end 0.229039 1.08) (angle -87.9) (layer F.SilkS) (width 0.12))
    (fp_arc (start 1.27 0) (end 0.229039 -1.08) (angle 87.9) (layer F.SilkS) (width 0.12))
    (fp_arc (start 1.27 0) (end -0.29 1.235516) (angle -108.8) (layer F.SilkS) (width 0.12))
    (fp_arc (start 1.27 0) (end -0.29 -1.235516) (angle 108.8) (layer F.SilkS) (width 0.12))
    (fp_arc (start 1.27 0) (end -0.23 -1.16619) (angle 284.3) (layer F.Fab) (width 0.1))
    (pad 2 thru_hole circle (at 2.54 0 90) (size 1.8 1.8) (drill 0.9) (layers *.Cu *.Mask)
      (net 13 "Net-(D11-Pad1)"))
    (pad 1 thru_hole rect (at 0 0 90) (size 1.8 1.8) (drill 0.9) (layers *.Cu *.Mask)
      (net 14 "Net-(D12-Pad1)"))
    (model ${KISYS3DMOD}/LED_THT.3dshapes/LED_D3.0mm_FlatTop.wrl
      (at (xyz 0 0 0))
      (scale (xyz 1 1 1))
      (rotate (xyz 0 0 0))
    )
  )

  (module LED_THT:LED_D3.0mm_FlatTop (layer F.Cu) (tedit 5880A862) (tstamp 5E95A3D7)
    (at 91.444373 75.353332 90)
    (descr "LED, Round, FlatTop, diameter 3.0mm, 2 pins, http://www.kingbright.com/attachments/file/psearch/000/00/00/L-47XEC(Ver.9A).pdf")
    (tags "LED Round FlatTop diameter 3.0mm 2 pins")
    (path /5E8D42A0)
    (fp_text reference D13 (at 1.27 -2.96 90) (layer F.SilkS)
      (effects (font (size 1 1) (thickness 0.15)))
    )
    (fp_text value LED (at 1.27 2.96 90) (layer F.Fab)
      (effects (font (size 1 1) (thickness 0.15)))
    )
    (fp_arc (start 1.27 0) (end -0.23 -1.16619) (angle 284.3) (layer F.Fab) (width 0.1))
    (fp_arc (start 1.27 0) (end -0.29 -1.235516) (angle 108.8) (layer F.SilkS) (width 0.12))
    (fp_arc (start 1.27 0) (end -0.29 1.235516) (angle -108.8) (layer F.SilkS) (width 0.12))
    (fp_arc (start 1.27 0) (end 0.229039 -1.08) (angle 87.9) (layer F.SilkS) (width 0.12))
    (fp_arc (start 1.27 0) (end 0.229039 1.08) (angle -87.9) (layer F.SilkS) (width 0.12))
    (fp_circle (center 1.27 0) (end 2.77 0) (layer F.Fab) (width 0.1))
    (fp_line (start -0.23 -1.16619) (end -0.23 1.16619) (layer F.Fab) (width 0.1))
    (fp_line (start -0.29 -1.236) (end -0.29 -1.08) (layer F.SilkS) (width 0.12))
    (fp_line (start -0.29 1.08) (end -0.29 1.236) (layer F.SilkS) (width 0.12))
    (fp_line (start -1.15 -2.25) (end -1.15 2.25) (layer F.CrtYd) (width 0.05))
    (fp_line (start -1.15 2.25) (end 3.7 2.25) (layer F.CrtYd) (width 0.05))
    (fp_line (start 3.7 2.25) (end 3.7 -2.25) (layer F.CrtYd) (width 0.05))
    (fp_line (start 3.7 -2.25) (end -1.15 -2.25) (layer F.CrtYd) (width 0.05))
    (pad 1 thru_hole rect (at 0 0 90) (size 1.8 1.8) (drill 0.9) (layers *.Cu *.Mask)
      (net 15 "Net-(D13-Pad1)"))
    (pad 2 thru_hole circle (at 2.54 0 90) (size 1.8 1.8) (drill 0.9) (layers *.Cu *.Mask)
      (net 14 "Net-(D12-Pad1)"))
    (model ${KISYS3DMOD}/LED_THT.3dshapes/LED_D3.0mm_FlatTop.wrl
      (at (xyz 0 0 0))
      (scale (xyz 1 1 1))
      (rotate (xyz 0 0 0))
    )
  )

  (module LED_THT:LED_D3.0mm_FlatTop (layer F.Cu) (tedit 5880A862) (tstamp 5E95A3EA)
    (at 91.44 86.36 90)
    (descr "LED, Round, FlatTop, diameter 3.0mm, 2 pins, http://www.kingbright.com/attachments/file/psearch/000/00/00/L-47XEC(Ver.9A).pdf")
    (tags "LED Round FlatTop diameter 3.0mm 2 pins")
    (path /5E8D42A6)
    (fp_text reference D14 (at 1.27 -2.96 90) (layer F.SilkS)
      (effects (font (size 1 1) (thickness 0.15)))
    )
    (fp_text value LED (at 1.27 2.96 90) (layer F.Fab)
      (effects (font (size 1 1) (thickness 0.15)))
    )
    (fp_line (start 3.7 -2.25) (end -1.15 -2.25) (layer F.CrtYd) (width 0.05))
    (fp_line (start 3.7 2.25) (end 3.7 -2.25) (layer F.CrtYd) (width 0.05))
    (fp_line (start -1.15 2.25) (end 3.7 2.25) (layer F.CrtYd) (width 0.05))
    (fp_line (start -1.15 -2.25) (end -1.15 2.25) (layer F.CrtYd) (width 0.05))
    (fp_line (start -0.29 1.08) (end -0.29 1.236) (layer F.SilkS) (width 0.12))
    (fp_line (start -0.29 -1.236) (end -0.29 -1.08) (layer F.SilkS) (width 0.12))
    (fp_line (start -0.23 -1.16619) (end -0.23 1.16619) (layer F.Fab) (width 0.1))
    (fp_circle (center 1.27 0) (end 2.77 0) (layer F.Fab) (width 0.1))
    (fp_arc (start 1.27 0) (end 0.229039 1.08) (angle -87.9) (layer F.SilkS) (width 0.12))
    (fp_arc (start 1.27 0) (end 0.229039 -1.08) (angle 87.9) (layer F.SilkS) (width 0.12))
